432616 000011F-006-01 000345617:E 000047839:B 432616 1621207 130 -26539 0.98 0.04
398757 000012F-002-01 000058665:E 000258292:B 398757 1768696 142 -5902 0.93 0.06
360601 000027F-007-01 000149716:B 000304237:B 360601 1577923 128 -8766 0.94 0.15
354396 000003F-005-01 000115728:E 000328225:B 354396 1358946 111 -32983 0.00 0.00
320250 000050F-001-01 000020812:E 000210587:B 320250 1364179 109 -30566 0.99 0.07
318907 000036F-001-01 000323557:B 000029048:B 318907 1289771 108 -5831 0.00 0.00
278087 000000F-009-01 000079191:E 000206807:B 278087 1000116 82 857 0.00 0.00
263255 000063F-001-01 000272283:E 000137182:E 263255 965352 80 16223 0.00 0.00
261603 000000F-015-01 000181741:B 000242459:E 261603 1407660 114 -13316 0.95 0.05
251608 000005F-009-01 000004200:E 000198827:B 251608 1168999 93 -58260 0.95 0.11
246357 000006F-007-01 000157079:E 000206902:B 246357 1049956 81 11772 0.95 0.10
234933 000004F-009-01 000197270:B 000031274:B 234933 958138 78 32656 0.96 0.06
229657 000013F-003-01 000140114:B 000192244:E 229657 900674 73 22361 0.00 0.00
226186 000003F-012-01 000119054:E 000025823:B 226186 912746 76 -36888 0.94 0.13
217719 000010F-002-01 000204025:B 000258883:B 217719 1032190 85 -15289 0.95 0.15
216954 000040F-003-01 000081067:E 000160160:B 216954 995555 82 -1071 0.94 0.26
212369 000007F-006-01 000134817:E 000128986:E 212369 972922 81 1032 0.98 0.19
206005 000048F-002-01 000005343:B 000158179:E 206005 952126 79 9540 0.00 0.00
196232 000000F-028-01 000277460:B 000156942:E 196232 965964 78 -50774 0.97 0.21
194698 000071F-003-01 000169068:E 000120339:E 194698 960007 75 -17821 0.94 0.14
193998 000019F-001-01 000207700:B 000298218:E 193998 927575 75 -4237 0.97 0.09
187855 000005F-003-01 000066760:B 000317680:B 187855 697897 56 -48589 0.91 0.24
180910 000005F-010-01 000198827:B 000004371:B 180910 663761 55 20738 0.98 0.11
179610 000006F-010-01 000287785:B 000218005:E 179610 656588 56 -6986 0.99 0.08
176871 000006F-008-01 000136758:B 000176546:B 176871 723717 59 9787 0.91 0.10
175240 000006F-003-01 000122284:B 000001323:B 175240 609153 51 -36376 0.99 0.10
173772 000048F-001-01 000272884:E 000149814:E 173772 628467 54 871 0.00 0.00
170546 000011F-002-01 000293823:E 000048391:B 170546 645492 57 15263 0.95 0.25
165115 000039F-001-01 000331388:B 000108496:E 165115 601915 53 9147 0.00 0.00
161448 000004F-002-01 000022739:B 000032095:E 161448 714232 59 -31642 0.97 0.23
158580 000013F-004-01 000329764:B 000145663:E 158580 558066 49 -21247 0.00 0.00
153584 000011F-005-01 000063573:E 000078727:B 153584 685282 58 -2388 0.98 0.22
152799 000016F-001-01 000150515:B 000266909:E 152799 617029 52 7727 0.99 0.10
152668 000076F-001-01 000091720:B 000288971:E 152668 621435 49 2561 0.98 0.13
151615 000004F-006-01 000195729:B 000308725:E 151615 580630 48 -469 0.00 0.00
148285 000108F-001-01 000062548:E 000017963:B 148285 654479 51 680 0.95 0.10
148025 000010F-009-01 000188560:B 000064374:E 148025 562479 43 -10728 0.95 0.15
147181 000015F-002-01 000064233:B 000319480:B 147181 455280 40 -3486 0.00 0.00
145841 000004F-005-01 000031274:B 000345176:B 145841 638270 51 -5991 0.93 0.64
145421 000036F-002-01 000136027:B 000254583:B 145421 549472 47 -42863 0.98 0.09
145320 000004F-007-01 000303292:E 000328331:E 145320 808620 64 -39174 0.96 0.20
141618 000001F-001-01 000142503:B 000328520:E 141618 642444 52 8364 0.97 0.10
139653 000018F-001-01 000092896:E 000290883:B 139653 725317 61 -18631 0.92 0.34
137236 000025F-001-01 000006741:E 000111292:B 137236 537860 47 4057 0.00 0.00
133935 000004F-004-01 000044073:E 000303292:E 133935 630481 48 1614 0.98 0.23
133170 000000F-008-01 000228918:B 000079191:E 133170 563904 45 -2855 0.00 0.00
130312 000034F-003-01 000298484:B 000195352:B 130312 526418 41 -7342 0.99 0.14
124489 000067F-002-01 000250995:E 000065098:B 124489 493616 42 -24067 0.96 0.31
122426 000046F-002-01 000267065:B 000331154:B 122426 445434 38 16377 0.94 0.19
120247 000010F-007-01 000103994:E 000036336:E 120247 473093 39 3490 0.92 0.24
116562 000002F-004-01 000272836:E 000261496:E 116562 402985 35 3457 0.00 0.00
110542 000030F-001-01 000209726:B 000107738:B 110542 436993 34 -14479 0.97 0.20
109989 000042F-003-01 000178911:E 000200090:B 109989 428164 37 -8103 0.96 0.27
109513 000076F-002-01 000135952:B 000321564:B 109513 515894 43 -11768 0.98 0.25
108163 000007F-001-01 000081440:E 000264811:E 108163 457472 39 1125 0.00 0.00
106630 000083F-002-01 000031425:E 000235986:E 106630 491887 40 -13768 0.98 0.16
104981 000098F-001-01 000320672:E 000136400:E 104981 315173 28 -8729 0.94 0.44
102715 000000F-011-01 000311867:B 000210273:B 102715 410101 36 -25215 0.95 0.32
102526 000005F-004-01 000001256:E 000295484:E 102526 461235 37 -7866 0.97 0.16
100579 000000F-007-01 000264503:B 000061194:B 100579 348258 30 -1300 0.97 0.15
100501 000002F-005-01 000191970:B 000010208:E 100501 486256 41 -5614 0.99 0.16
96584 000013F-005-01 000045069:B 000031191:B 96584 416839 35 -8216 0.00 0.00
95537 000041F-002-01 000134704:E 000051998:B 95537 476570 37 -35845 0.96 0.43
94420 000008F-006-01 000285188:B 000109018:B 94420 405914 34 4212 0.00 0.00
90722 000003F-007-01 000328145:B 000084927:B 90722 311316 24 -10657 0.97 0.37
90409 000023F-005-01 000335409:E 000197342:E 90409 455870 39 -6036 0.96 0.27
88484 000021F-001-01 000116419:E 000106858:E 88484 389409 32 -23147 0.98 0.29
86680 000027F-004-01 000138558:E 000292033:B 86680 223174 21 -13327 0.97 0.57
86088 000008F-005-01 000321709:B 000240485:E 86088 369623 30 -30356 0.97 0.36
82213 000034F-005-01 000210500:B 000169049:B 82213 334131 25 -179 0.00 0.00
81535 000038F-002-01 000085431:E 000254107:B 81535 277571 23 7239 0.98 0.31
81483 000013F-007-01 000207206:B 000080932:E 81483 491681 40 -42184 0.96 0.27
80295 000041F-006-01 000193249:B 000345767:B 80295 395980 32 -1963 0.00 0.00
79775 000007F-002-01 000048996:B 000049722:E 79775 351420 28 -11610 1.00 0.18
77630 000000F-018-01 000219089:B 000240948:B 77630 347606 28 -7924 0.98 0.15
75990 000005F-001-01 000162276:E 000012788:B 75990 362033 30 -3571 0.96 0.43
74078 000006F-002-01 000001121:B 000336138:E 74078 300666 25 -13740 0.97 0.28
73932 000040F-004-01 000180401:B 000002131:E 73932 314648 26 12088 0.95 0.34
73281 000008F-002-01 000197943:B 000237427:B 73281 239788 20 -3270 0.96 0.23
72346 000000F-023-01 000084394:B 000104632:E 72346 211921 16 3771 0.00 0.00
71553 000007F-010-01 000290271:B 000186641:E 71553 265809 20 -3644 0.00 0.00
68630 000019F-003-01 000194118:E 000269774:E 68630 245774 20 -5471 0.98 0.23
68333 000008F-007-01 000257328:B 000130342:B 68333 285153 25 -2300 0.94 0.59
68148 000052F-001-01 000283256:B 000175492:B 68148 331728 24 -21829 0.00 0.00
68111 000038F-003-01 000146455:E 000085431:E 68111 270535 24 -13546 0.91 0.40
67079 000046F-001-01 000254284:E 000267065:B 67079 280846 23 -22077 0.98 0.29
66263 000013F-008-01 000318012:E 000207053:B 66263 297045 25 -11318 0.00 0.00
66147 000034F-006-01 000175527:B 000232001:B 66147 376330 28 -7211 0.97 0.14
64296 000015F-011-01 000103272:B 000111532:B 64296 222427 17 16270 0.00 0.00
64145 000000F-025-01 000154596:E 000116361:B 64145 208111 19 1444 0.97 0.53
63681 000003F-011-01 000341363:B 000033311:E 63681 255767 22 9967 1.00 0.46
63340 000023F-003-01 000229500:B 000284558:E 63340 281710 21 -18249 0.95 0.29
61726 000018F-002-01 000290883:B 000040222:E 61726 345243 26 -22607 0.99 0.38
61269 000083F-001-01 000074410:B 000252440:E 61269 252900 21 -34589 0.98 0.37
61249 000008F-003-01 000190829:B 000109292:E 61249 151323 15 13381 0.95 0.32
61171 000010F-010-01 000132091:E 000110317:B 61171 198924 15 354 0.98 0.34
59148 000010F-005-01 000349465:E 000198557:E 59148 120706 11 32558 0.99 0.33
58095 000020F-001-01 000055491:B 000226221:B 58095 140446 10 -3257 0.97 0.55
56614 000023F-002-01 000238013:E 000016434:B 56614 248508 20 -6318 0.00 0.00
54308 000000F-002-01 000131499:E 000300446:E 54308 216047 19 -2284 0.95 0.33
53189 000007F-011-01 000171143:B 000154066:B 53189 205729 16 -440 0.96 0.44
51853 000007F-004-01 000167991:B 000081440:E 51853 178309 13 -2409 0.99 0.50
51397 000007F-008-01 000260346:B 000242403:B 51397 176238 17 -1746 0.00 0.00
51119 000010F-006-01 000152191:B 000349465:E 51119 219686 17 -23986 0.99 0.30
49787 000000F-020-01 000015847:E 000000518:E 49787 132373 12 13976 0.97 0.41
49492 000003F-002-01 000275574:B 000105089:E 49492 203899 18 4351 0.97 0.48
47960 000007F-009-01 000329116:B 000218534:B 47960 157578 11 2876 0.98 0.37
47088 000000F-021-01 000194539:E 000314740:E 47088 113113 10 -2207 0.95 0.49
46737 000015F-006-01 000190877:B 000267435:B 46737 175251 14 -9674 0.99 0.40
46658 000000F-027-01 000106311:B 000151454:E 46658 194396 16 115 0.97 0.37
46410 000026F-004-01 000087772:E 000222092:E 46410 152172 13 237 0.95 1.00
46215 000003F-010-01 000180277:E 000119747:E 46215 77010 7 -5532 0.00 0.00
45639 000001F-004-01 000077454:B 000260614:E 45639 198461 15 -1875 0.00 0.00
45294 000015F-013-01 000230352:B 000188509:E 45294 102861 9 3060 0.96 0.59
45269 000001F-003-01 000095969:E 000071643:B 45269 100371 8 5058 0.96 0.89
44655 000000F-013-01 000318567:E 000307884:E 44655 181997 15 1148 0.97 0.77
44270 000040F-001-01 000281089:E 000098952:B 44270 151515 13 -5152 0.98 0.47
44268 000006F-011-01 000306159:B 000157079:E 44268 178539 14 4091 0.92 0.61
43305 000003F-009-01 000336567:E 000166427:E 43305 244415 19 -14496 0.99 0.37
42693 000052F-003-01 000332472:E 000093643:B 42693 135557 10 4797 0.95 0.52
41829 000042F-005-01 000118344:B 000277679:E 41829 202126 15 -16226 0.96 0.74
41026 000011F-001-01 000019019:B 000181807:E 41026 105334 10 -9311 0.98 0.35
40796 000074F-001-01 000046114:B 000252410:B 40796 35857 4 -16436 0.94 0.85
40718 000018F-003-01 000041851:B 000065398:E 40718 135564 11 1745 0.98 0.62
40509 000010F-004-01 000137035:E 000188560:B 40509 112751 10 -523 0.96 0.63
39893 000052F-006-01 000210562:B 000159832:E 39893 128000 11 -17342 0.97 0.78
39460 000027F-008-01 000062286:E 000156967:E 39460 204487 15 1279 0.00 0.00
39259 000020F-003-01 000280503:E 000160914:B 39259 265452 20 -9206 0.00 0.00
38167 000017F-001-01 000153121:E 000228552:E 38167 152064 12 -1053 0.96 0.44
38026 000181F-001-01 000119690:E 000180053:B 38026 57388 7 -44626 1.00 0.49
37819 000034F-002-01 000254185:B 000079339:E 37819 187133 15 -1551 0.97 0.76
36820 000106F-001-01 000169226:B 000057696:E 36820 54640 6 -743 1.00 0.47
35677 000013F-006-01 000078721:B 000190268:B 35677 139149 12 -477 0.96 0.66
35461 000041F-005-01 000029193:E 000098053:E 35461 115862 10 -6758 0.97 0.51
35099 000015F-009-01 000309653:E 000064233:B 35099 111681 9 2106 0.98 0.94
34967 000000F-005-01 000151891:B 000157688:B 34967 142721 12 7 0.94 1.00
34864 000051F-001-01 000122426:B 000146688:E 34864 14470 3 -751 0.98 1.00
34025 000028F-002-01 000205750:E 000206023:E 34025 147940 11 -12575 0.99 0.52
33025 000006F-001-01 000218005:E 000158008:E 33025 183755 16 -5649 0.98 0.57
32946 000089F-001-01 000109140:B 000288719:E 32946 127998 10 -27720 0.98 0.71
32149 000034F-007-01 000204438:E 000234506:E 32149 131240 9 -1701 0.97 0.67
30249 000141F-001-01 000265524:E 000346151:E 30249 106580 7 5099 0.99 0.51
29399 000041F-003-01 000104708:B 000014856:B 29399 127004 10 -8845 0.95 0.87
29372 000011F-007-01 000257304:E 000063573:E 29372 58541 6 7113 0.98 0.66
28683 000084F-001-01 000076792:E 000142898:E 28683 32323 4 -9696 0.99 0.60
27969 000000F-012-01 000188110:E 000052426:E 27969 95094 9 4204 0.98 0.56
26615 000028F-001-01 000213542:E 000083964:B 26615 129904 11 6315 0.99 0.56
25451 000000F-022-01 000002828:E 000322728:E 25451 113772 8 -26611 1.00 0.77
24749 000013F-002-01 000287303:B 000179509:E 24749 44836 5 -1555 0.96 0.88
24747 000095F-001-01 000060145:E 000053452:B 24747 13774 2 -1580 0.99 0.99
24515 000003F-001-01 000338086:E 000128309:E 24515 119249 10 901 0.96 0.86
24457 000000F-001-01 000097455:E 000301631:B 24457 10451 2 2292 1.00 0.89
24210 000055F-001-01 000173921:E 000230154:B 24210 11146 2 20804 1.00 0.14
23970 000134F-002-01 000135776:B 000030587:B 23970 17107 3 6352 0.97 0.74
23859 000040F-002-01 000160160:B 000180401:B 23859 49016 5 -1914 0.99 1.00
23550 000019F-002-01 000298218:E 000028978:E 23550 74721 6 1649 0.97 0.69
23475 000000F-026-01 000139731:E 000087895:B 23475 48619 5 -3043 0.97 0.83
22902 000143F-002-01 000148988:E 000344449:E 22902 24482 3 18743 1.00 0.18
22352 000003F-004-01 000220236:B 000216621:E 22352 45200 3 -423 0.97 0.96
22243 000002F-002-01 000283542:B 000194755:B 22243 101082 8 -4215 0.97 0.95
22087 000061F-001-01 000148025:B 000059794:E 22087 19941 3 -310 1.00 0.93
22057 000158F-001-01 000148122:B 000149573:B 22057 20939 3 -11347 0.99 0.80
21696 000260F-001-01 000006741:E 000007392:B 21696 2931 2 564 0.96 0.59
21695 000094F-001-01 000336929:E 000248281:E 21695 16956 3 -1141 0.99 0.92
20326 000002F-007-01 000298839:B 000301608:E 20326 8213 2 1293 0.96 0.94
20181 000216F-001-01 000153256:E 000125913:E 20181 37791 5 2190 0.99 0.77
19797 000216F-001-02 000153256:E 000125913:E 19797 18530 3 1806 0.99 0.79
19741 000132F-001-01 000165148:E 000022370:E 19741 9747 2 632 1.00 0.90
19523 000008F-009-01 000109018:B 000020590:B 19523 36010 3 -8785 0.99 1.00
19511 000151F-001-01 000033051:B 000146689:B 19511 14933 2 -8105 1.00 0.99
19456 000105F-001-01 000112387:B 000208123:E 19456 8356 2 -18580 0.96 1.00
19342 000216F-001-03 000153256:E 000125913:E 19342 17172 3 1351 0.98 0.81
19289 000027F-001-01 000214124:B 000198940:E 19289 80866 7 -3834 0.99 0.89
19128 000002F-003-01 000057884:E 000151557:B 19128 33886 3 -5587 1.00 0.92
18920 000037F-005-01 000099136:B 000328374:E 18920 26881 3 -1880 0.99 0.98
18637 000000F-016-01 000289525:E 000012024:E 18637 85773 6 297 0.98 0.97
18372 000018F-004-01 000246019:E 000005082:E 18372 68217 5 -3231 0.99 0.99
18345 000076F-003-01 000111820:E 000135952:B 18345 90528 8 -10543 0.97 0.86
18164 000021F-003-01 000217625:B 000041527:B 18164 13892 2 2014 1.00 0.89
18117 000054F-001-01 000000497:E 000013324:E 18117 19432 3 -1911 1.00 0.95
17025 000104F-004-01 000338385:E 000009800:B 17025 28982 3 709 0.99 0.96
16962 000060F-003-01 000068721:B 000144229:E 16962 19809 3 2043 1.00 0.88
16930 000029F-002-01 000304488:B 000005743:E 16930 18530 3 1984 0.98 0.89
16454 000045F-002-01 000247474:E 000125225:B 16454 14125 2 -2987 1.00 1.00
16333 000013F-001-01 000019984:B 000329764:B 16333 40915 3 -4680 0.99 0.97
16280 000038F-001-01 000000259:B 000029777:E 16280 70167 5 294 0.97 0.95
16248 000096F-002-01 000283488:B 000320787:E 16248 9635 2 -10288 0.99 1.00
16053 000112F-001-01 000117716:B 000148597:B 16053 21153 3 3069 0.99 0.81
15711 000035F-001-01 000326114:B 000022314:E 15711 9797 2 -3547 1.00 0.97
15319 000026F-001-01 000043175:E 000297511:E 15319 21466 3 343 0.98 0.93
15136 000066F-001-01 000154613:E 000066960:B 15136 7587 2 1125 0.99 0.88
14849 000015F-012-01 000202870:B 000220024:E 14849 49017 4 -3559 0.98 0.95
14495 000025F-003-01 000125704:E 000067621:B 14495 8395 2 7156 1.00 0.51
14306 000034F-004-01 000034083:E 000210842:B 14306 81015 6 -1123 0.98 0.82
14265 000016F-002-01 000004090:E 000051733:B 14265 12947 2 -3948 0.99 0.99
12728 000119F-001-01 000219616:B 000133186:B 12728 17668 2 572 1.00 0.95
12644 000033F-002-01 000093991:B 000164880:B 12644 10422 2 -9158 1.00 1.00
12545 000109F-001-01 000130185:E 000348252:E 12545 12204 2 -1059 0.95 1.00
11631 000206F-001-01 000095318:E 000011405:B 11631 11904 2 -32548 0.99 1.00
11597 000023F-004-01 000257139:E 000245003:B 11597 10517 2 2345 1.00 0.80
11327 000144F-001-01 000342497:B 000091294:E 11327 18088 2 -75 0.95 1.00
10359 000055F-002-01 000083678:E 000053780:E 10359 13914 2 2814 1.00 0.73
10273 000039F-003-01 000196442:E 000134967:B 10273 11367 2 1472 0.97 0.87
8684 000052F-004-01 000322650:B 000233826:B 8684 14056 2 2023 0.99 0.77
8500 000006F-006-01 000044318:B 000213498:B 8500 94889 7 -5118 1.00 1.00
7414 000027F-005-01 000056076:B 000070585:B 7414 15096 2 -14694 1.00 1.00
7276 000033F-003-01 000231757:B 000171831:E 7276 13869 1 -32142 1.00 1.00
6988 000071F-001-01 000120339:E 000185920:E 6988 21952 2 22 0.96 0.99
5952 000306F-001-01 000318693:B 000065657:E 5952 13642 1 -9554 0.97 1.00
3777 000027F-009-01 000186476:B 000261977:B 3777 13074 1 -51468 1.00 1.00
3029 000037F-004-01 000016938:B 000124086:E 3029 19204 2 15 0.96 0.99
2884 000037F-002-01 000238958:B 000110680:B 2884 19513 2 -64 0.94 0.99
2835 000027F-002-01 000334452:E 000182479:B 2835 22598 2 6 0.96 1.00
1857 000103F-001-01 000266896:E 000051819:E 1857 22446 2 1 0.00 0.00
1799 000129F-001-01 000057220:B 000271695:E 1799 23107 2 -13 0.00 0.00
1636 000020F-002-01 000319582:B 000116003:B 1636 18577 2 7 0.00 0.00
1115 000141F-002-01 000134946:B 000143217:B 1115 11612 1 -21439 0.00 0.00
1061 000021F-004-01 000315531:E 000037338:E 1061 23694 2 -1 0.00 0.00
102 000029F-001-01 000297097:B 000225296:B 102 25986 2 -16 0.00 0.00
83 000255F-001-01 000300192:B 000315804:E 83 13686 1 -14254 0.00 0.00




























































































































































































































