501315
401887
400667
359378
356996
355071
339168
320293
293609
289455
261616
258285
248530
244765
239241
234904
234337
233811
229076
228013
224287
218983
214840
213170
205210
198749
196981
195189
194562
182299
179128
177850
177761
176742
172522
171508
170722
168640
167941
161708
155975
155447
152819
150764
149827
148538
145841
145751
145332
141588
135938
133931
133924
130148
128465
124505
123369
123350
122586
122250
119847
113523
110540
108326
108156
106233
105885
104951
103544
102539
101586
100508
94409
93392
90723
90228
89084
88456
87619
86037
85677
82602
82317
82010
80937
80305
79797
77635
73946
73325
73285
71753
71558
70985
69944
69569
69533
68515
67092
67051
66849
66255
65276
63670
63392
63088
62096
61728
59544
56864
56292
56104
53549
53184
51854
51398
50330
49665
49423
48690
48593
48278
47960
47782
47287
47144
46655
46411
46247
44650
44271
43753
43306
42460
41022
41007
39578
38455
38064
36591
35733
35677
35673
35171
34990
34876
34521
33909
32945
32472
31247
29589
29475
29398
28300
27974
27935
27154
26222
26141
25879
25705
24796
24612
24519
24463
24460
23468
22353
22088
21876
21744
21695
20839
19673
19452
19172
19083
18637
18529
18278
18115
17996
17589
17138
17135
17069
16962
16454
16333
16263
16054
16038
15548
15312
15280
15240
14674
14503
13844
13493
13365
13059
12812
12642
11936
11662
10359
8908
3778
3742
1115
