3530228
2019442
1820670
1811341
1792904
1731887
1651302
1590752
1539974
1506529
1485340
1392743
1392347
1340163
1299766
1250863
1235935
1179400
1070138
1064850
1035146
944696
924303
853843
849816
828491
812259
802086
799536
770538
754248
745993
744585
697015
686589
670740
664396
626273
595573
559685
554597
540235
511713
511319
467247
456619
453666
451646
442287
407129
388298
378357
377491
370861
362923
343017
334435
328196
326235
325249
323723
320107
314074
305372
297286
291229
290996
286430
285886
271057
270926
269588
262483
258251
247230
246598
245436
244840
244473
242920
225360
222861
217782
215774
209548
208737
207671
202139
200106
195179
189908
189409
186405
184139
181458
178421
178266
177093
176920
173058
170106
169632
169293
169179
169075
167544
161380
156087
155578
149032
148671
143401
141703
141434
139075
138240
138223
136233
134356
133969
132954
126602
126357
122232
121945
119841
119579
116481
116388
115098
114729
113686
113351
112742
108547
108212
107889
105680
92633
92067
91630
89306
87553
86479
85714
85344
83968
83887
82447
81373
80174
78129
77975
77195
76559
76496
76068
74022
72918
71560
69933
69376
68188
67600
67291
65222
64550
64040
63931
63373
63110
62237
62175
61942
61651
59237
58665
54985
54513
54151
53809
53672
53657
52481
51499
51138
50355
50141
50064
48439
48025
46643
46612
46597
45136
44646
44582
44534
44373
44081
42883
42470
41324
40590
40564
40426
40013
39945
39169
39140
38564
38363
38239
37787
36999
36225
36137
35917
35867
35527
35367
35056
34635
34467
33957
33835
33494
33038
32873
32502
31012
30822
30726
30462
29904
29630
29536
29395
28758
28488
28420
27908
27839
27706
27622
26444
25993
25728
25420
25155
25091
23638
23241
23160
23050
22677
22603
21444
21262
21249
21161
21138
20918
20870
20850
20583
20445
20311
19918
19876
19646
19486
19314
19167
18878
18525
18519
18504
18475
18287
18270
18200
18177
18162
18006
17895
17891
17837
17822
17734
17728
17699
17620
17420
17221
17067
16994
16985
16824
16665
16316
16098
16075
15925
15905
15851
15685
15666
15571
15473
15456
15238
15229
15152
15123
14917
14694
14368
14265
14180
13875
13701
13651
13636
13628
13422
12980
12841
12755
12156
12098
12066
12013
12011
11873
11734
11691
11686
11388
11312
11143
10956
10806
10558
10255
10211
10064
9860
9787
9630
9484
9363
9210
9024
8932
8594
8434
8425
8401
7582
7506
7494
7120
7072
7043
7034
6871
6749
6711
6607
6442
5923
5660
5374
5215
5096
5054
4842
4769
4709
4410
4408
3163
2820
2705
2322
2316
1255
329
